scheme    p_b/p0  M_exit  nz  err(0.75t)  err(t)    inlet/outlet-1  steps  s
hllc      0.998   0.0535   40   -0.09004   -0.10851    -5.16e-04   26096  14
hllc      0.998   0.0535   80   -0.02335   -0.02829    -1.07e-04   52281  105
hllc      0.990   0.1199   40   -0.07009   -0.08056    +3.37e-04   26807  14
hllc      0.990   0.1199   80   -0.01785   -0.02070    -2.72e-05   53742  108
hllc      0.985   0.1471   40   -0.06556   -0.07380    +2.71e-04   27066  14
hllc      0.985   0.1471   80   -0.01683   -0.01885    -8.69e-05   54269  109
hllc      0.980   0.1701   40   -0.06184   -0.06944    +3.42e-04   27269  14
hllc      0.980   0.1701   80   -0.01611   -0.01806    +2.61e-04   54677  110
thornber  0.998   0.0535   40   -0.01377   -0.01663    +8.68e-05   26133  15
thornber  0.998   0.0535   80   -0.00529   -0.00613    -1.39e-05   52299  115
thornber  0.990   0.1199   40   -0.02358   -0.02692    +7.01e-05   26849  15
thornber  0.990   0.1199   80   -0.00673   -0.00762    -6.63e-05   53763  117
thornber  0.985   0.1471   40   -0.02779   -0.03110    +1.13e-04   27104  15
thornber  0.985   0.1471   80   -0.00780   -0.00863    +7.79e-06   54285  117
thornber  0.980   0.1701   40   -0.03109   -0.03485    +1.49e-04   27300  15
thornber  0.980   0.1701   80   -0.00837   -0.00981    +3.70e-04   54688  120
hllc-lm   0.998   0.0535   40   -0.08618   -0.10378    -2.88e-04   26098  16
hllc-lm   0.998   0.0535   80   -0.02243   -0.02710    -1.19e-04   52282  125
hllc-lm   0.990   0.1199   40   -0.07009   -0.08056    +3.37e-04   26807  16
hllc-lm   0.990   0.1199   80   -0.01785   -0.02070    -2.72e-05   53742  126
hllc-lm   0.985   0.1471   40   -0.06556   -0.07380    +2.71e-04   27066  16
hllc-lm   0.985   0.1471   80   -0.01683   -0.01885    -8.69e-05   54269  128
hllc-lm   0.980   0.1701   40   -0.06184   -0.06944    +3.42e-04   27269  16
hllc-lm   0.980   0.1701   80   -0.01611   -0.01806    +2.61e-04   54677  129
