a priori: docs/evidence/wall_functions/reference_re_tau_1e4_profile_6400.csv; T_wall 300 K, p_wall 1.007914e+06 Pa, rho_w 11.319909, mu_w 1.808570e-05, Pr_w 0.7093; tau_w 114.225000 Pa, q_w 8.877721e+03 W/m^2, Re_tau 9941.2
       y+         u+    T1/Tw rho1/rhow    tau law-1      q law-1 tau Spalding-1    law Gamma     law beta
     1.01     1.0083   1.0006    0.9994  -7.2165e-05  +5.2164e-03    -5.3401e-05   1.4450e-05   5.6539e-04
     4.99     4.8825   1.0025    0.9975  +1.0038e-02  +3.5987e-02    +1.0371e-02   1.4596e-05   5.7978e-04
    10.99     8.6301   1.0041    0.9958  +9.9755e-04  +6.4522e-02    +2.3560e-03   1.4467e-05   5.9847e-04
    30.00    12.5763   1.0056    0.9942  +2.6738e-03  +1.1279e-01    +5.3199e-03   1.4492e-05   6.2510e-04
   100.01    16.2264   1.0066    0.9932  +1.2399e-03  +1.4440e-01    +4.7240e-03   1.4471e-05   6.4333e-04
   300.03    19.2016   1.0072    0.9926  -5.5468e-03  +1.5730e-01    -1.5491e-03   1.4373e-05   6.5280e-04
  1000.33    22.3984   1.0077    0.9922  -1.0406e-02  +1.7130e-01    -5.9215e-03   1.4302e-05   6.6231e-04
  2998.70    25.3572   1.0079    0.9920  -1.0068e-02  +1.9098e-01    -5.1482e-03   1.4307e-05   6.7331e-04
a priori: docs/evidence/wall_functions/reference_heated_profile_6400.csv; T_wall 600 K, p_wall 1.246882e+07 Pa, rho_w 70.018868, mu_w 2.958433e-05, Pr_w 0.7035; tau_w 49.500000 Pa, q_w 4.876452e+06 W/m^2, Re_tau 9949.9
       y+         u+    T1/Tw rho1/rhow    tau law-1      q law-1 tau Spalding-1    law Gamma     law beta
     1.01     0.9805   1.0881    0.9190  -3.1204e-02  -3.7036e-02    -2.8478e-02   4.7036e-07   8.8473e-02
     5.00     4.4018   1.3885    0.7202  -1.2826e-01  -1.4908e-01    -9.4482e-02   4.1519e-07   8.2415e-02
    11.00     8.1040   1.7128    0.5838  -2.1881e-01  -2.4014e-01    -7.6511e-02   3.6401e-07   7.7745e-02
    29.97    13.3158   2.1930    0.4560  -2.4389e-01  -2.5083e-01    +1.0105e-01   3.4325e-07   7.7912e-02
    99.96    19.1624   2.7526    0.3633  -2.0568e-01  -1.9655e-01    +3.3477e-01   3.5223e-07   8.1523e-02
   299.95    24.3847   3.2550    0.3072  -1.7859e-01  -1.5991e-01    +5.1923e-01   3.5824e-07   8.3823e-02
  1000.15    30.4277   3.8325    0.2609  -1.5584e-01  -1.3090e-01    +7.2001e-01   3.6261e-07   8.5542e-02
  3001.34    36.5133   4.4093    0.2268  -1.3476e-01  -1.0648e-01    +9.2558e-01   3.6723e-07   8.6867e-02
