t [ms]       p_inj      outlet       F_vac
 0.500  -1.349e-04  -1.907e-05  -1.589e-04
 1.000  -8.123e-05  -2.062e-05  -7.723e-06
 1.500  -1.948e-05  +1.270e-05  +1.059e-05
 2.000  -4.266e-05  +7.369e-06  +0.000e+00
 2.500  -5.420e-05  +7.535e-07  -7.165e-06
 3.000  -5.650e-05  -5.007e-07  -7.741e-06
 3.500  -5.646e-05  -5.002e-07  -8.330e-06
 4.000  -5.614e-05  -2.500e-07  -8.328e-06
 4.500  -5.583e-05  +0.000e+00  -7.733e-06
 5.000  -5.613e-05  +0.000e+00  -7.733e-06
 5.500  -5.583e-05  -2.500e-07  -7.733e-06
 6.000  -5.583e-05  +0.000e+00  -7.138e-06
 6.500  -5.583e-05  +0.000e+00  -7.733e-06
 7.000  -5.613e-05  +0.000e+00  -7.733e-06
 7.500  -5.613e-05  +0.000e+00  -7.733e-06
 8.000  -5.613e-05  +0.000e+00  -7.733e-06
max      1.349e-04   2.062e-05   1.589e-04
injector pressure and outlet mass flow within 0.001 at every printed time: pass
