t [ms]       p_inj      outlet       F_vac
 0.500  -1.154e-04  -1.331e-05  -8.715e-05
 1.000  -8.634e-05  -1.578e-05  -2.539e-05
 1.500  -1.296e-05  +2.387e-05  +2.000e-05
 2.000  -5.806e-05  +8.901e-06  -1.268e-05
 2.500  -6.597e-05  -7.538e-07  -1.914e-05
 3.000  -6.457e-05  -2.754e-06  -1.968e-05
 3.500  -6.271e-05  -1.501e-06  -1.907e-05
 4.000  -6.149e-05  -7.501e-07  -1.787e-05
 4.500  -6.118e-05  -2.500e-07  -1.787e-05
 5.000  -6.118e-05  -2.500e-07  -1.727e-05
 5.500  -6.088e-05  -2.500e-07  -1.727e-05
 6.000  -6.088e-05  +0.000e+00  -1.727e-05
 6.500  -6.118e-05  +0.000e+00  -1.727e-05
 7.000  -6.088e-05  +0.000e+00  -1.727e-05
 7.500  -6.088e-05  +0.000e+00  -1.787e-05
 8.000  -6.088e-05  +0.000e+00  -1.787e-05
max      1.154e-04   2.387e-05   8.715e-05
injector pressure and outlet mass flow within 0.001 at every printed time: pass
